4294967279,19
0,5
4294967279,442
8477,139
8477,137
8477,136
8477,134
8477,132
8477,131
8477,129
8477,128
4294967294,2242
4294967279,234
8476,138
8476,137
8476,135
8476,133
8476,132
8476,130
8476,129
8476,127
4294967294,2735
4294967279,351
8475,137
8475,136
8475,134
8475,132
8475,131
8475,129
8475,128
4294967294,2244
4294967294,1951
4294967294,2296
4294967294,3057
4294967279,381
8474,140
8474,139
8474,137
8474,136
8474,134
8474,132
8474,131
8474,129
8474,128
4294967279,380
8473,145
8473,143
8473,142
8473,140
8473,139
8473,137
8473,136
8473,134
8473,132
8473,131
8473,129
8473,128
4294967279,420
8472,145
8472,143
8472,142
8472,140
8472,139
8472,137
8472,136
8472,134
8472,132
8472,131
8472,129
8472,128
4294967294,2734
4294967279,411
8471,145
8471,143
8471,142
8471,140
8471,139
8471,137
8471,136
8471,134
8471,132
8471,131
8471,129
8471,128
4294967294,1
4294967294,1020
4294967279,149
8470,147
8470,146
8470,144
8470,142
8470,141
8470,139
8470,138
8470,136
8470,135
8470,133
8470,131
8470,130
8470,128
8470,127
4294967294,1572
4294967294,5
4294967294,2302
4294967294,22
4294967294,17
4294967294,41
4294967294,65
4294967294,96
4294967294,74
4294967294,40
4294967294,42
4294967294,25
4294967294,26
4294967294,2001
4294967279,223
8469,149
8469,147
8469,146
8469,144
8469,142
8469,141
8469,139
8469,138
8469,136
8469,135
8469,133
8469,131
8469,130
8469,128
8469,127
4294967294,3052
4294967279,348
8468,144
8468,142
8468,141
8468,139
8468,138
8468,136
8468,135
8468,133
8468,131
8468,130
8468,128
8468,127
4294967294,81
4294967279,377
8467,174
8467,173
8467,171
8467,169
8467,168
8467,166
8467,165
8467,163
8467,161
8467,160
8467,158
8467,157
8467,155
8467,154
8467,152
8467,150
8467,149
8467,147
8467,146
8467,144
8467,142
8467,141
8467,139
8467,138
8467,136
8467,135
8467,133
8467,131
8467,130
8467,128
8467,127
4294967294,2733
4294967294,3051
4294967279,378
8466,152
8466,150
8466,149
8466,147
8466,146
8466,144
8466,142
8466,141
8466,139
8466,138
8466,136
8466,135
8466,133
8466,131
8466,130
8466,128
8466,127
4294967279,441
8465,127
4294967279,202
8464,156
8464,155
8464,153
8464,151
8464,150
8464,148
8464,147
8464,145
8464,143
8464,142
8464,140
8464,139
8464,137
8464,136
8464,134
8464,132
8464,131
8464,129
8464,128
4294967294,1949
4294967279,439
8463,128
4294967294,2732
4294967294,3053
4294967279,232
8462,138
8462,137
8462,135
8462,134
8462,132
8462,130
8462,129
8462,127
8462,1
8462,5
4294967279,303
8461,185
8461,183
8461,182
8461,180
8461,178
4294967279,370
4294967279,376
8459,139
8459,138
8459,136
8459,135
8459,133
8459,131
8459,130
8459,128
8459,127
4294967279,438
8458,1
4294967294,2731
4294967279,200
4294967279,418
8456,136
8456,135
8456,133
8456,131
8456,130
8456,128
8456,127
4294967279,231
0,7
8455,135
8455,133
8455,131
8455,130
8455,128
8455,127
4294967279,301
8454,179
8454,177
8454,176
8454,174
8454,173
8454,171
8454,169
8454,168
8454,166
8454,165
8454,163
8454,161
8454,160
8454,158
8454,157
8454,155
8454,154
8454,152
8454,150
8454,149
8454,147
8454,146
8454,144
8454,142
8454,141
8454,139
8454,138
8454,136
8454,135
8454,133
8454,131
8454,130
8454,128
8454,127
4294967279,366
4294967294,2730
4294967279,373
4294967279,414
4294967279,197
4294967279,412
4294967279,228
4294967294,2729
4294967279,300
4294967294,2303
4294967279,347
4294967294,7
4294967279,372
4294967279,410
4294967294,3047
4294967279,196
4294967294,80
4294967279,437
4294967294,2728
4294967279,221
4294967279,342
4294967279,343
8439,1
4294967294,1947
4294967279,369
4294967294,2727
4294967294,1019
4294967279,436
8437,1
8437,5
4294967279,195
4294967294,3050
4294967279,435
4294967294,1945
4294967279,219
4294967279,434
4294967294,2726
4294967279,335
4294967279,367
4294967294,2471
4294967279,409
4294967279,194
8429,179
8429,178
8429,176
4294967279,433
8428,133
8428,131
8428,130
8428,128
8428,127
4294967294,2725
4294967294,3048
4294967279,217
8427,141
8427,139
8427,138
8427,136
8427,135
8427,133
8427,131
8427,130
8427,128
8427,127
4294967279,148
8426,145
8426,144
8426,142
8426,141
8426,139
8426,138
8426,136
8426,134
8426,133
8426,131
8426,130
8426,128
4294967279,329
8425,145
8425,143
8425,141
8425,140
8425,138
8425,137
8425,135
8425,134
8425,132
8425,130
8425,129
8425,127
4294967279,365
8424,148
8424,146
8424,145
8424,143
8424,141
8424,140
8424,138
8424,137
8424,135
8424,134
8424,132
8424,130
8424,129
8424,127
4294967279,407
8423,149
8423,148
8423,146
8423,145
8423,143
8423,141
8423,140
8423,138
8423,137
8423,135
8423,134
8423,132
8423,130
8423,129
8423,127
4294967294,2724
4294967279,193
8422,153
8422,151
8422,149
8422,148
8422,146
8422,145
8422,143
8422,141
8422,140
8422,138
8422,137
8422,135
8422,134
8422,132
8422,130
8422,129
8422,127
4294967294,1944
4294967279,432
8421,151
8421,149
8421,148
8421,146
8421,145
8421,143
8421,141
8421,140
8421,138
8421,137
8421,135
8421,134
8421,132
8421,130
8421,129
8421,127
4294967279,216
8420,160
8420,159
8420,157
8420,156
8420,154
8420,153
8420,151
8420,149
8420,148
8420,146
8420,145
8420,143
8420,141
8420,140
8420,138
8420,137
8420,135
8420,134
8420,132
8420,130
8420,129
8420,127
4294967294,3041
4294967279,147
8419,176
8419,175
8419,173
8419,172
8419,170
8419,168
8419,167
8419,165
8419,164
8419,162
8419,160
8419,159
8419,157
8419,156
8419,154
8419,153
8419,151
8419,149
8419,148
8419,146
8419,145
8419,143
8419,141
8419,140
8419,138
8419,137
8419,135
8419,134
8419,132
8419,130
8419,129
8419,127
4294967279,324
8418,184
8418,183
8418,181
8418,180
8418,178
8418,176
8418,175
8418,173
8418,172
8418,170
8418,168
8418,167
8418,165
8418,164
8418,162
8418,160
8418,159
8418,157
8418,156
8418,154
8418,153
8418,151
8418,149
8418,148
8418,146
8418,145
8418,143
8418,141
8418,140
8418,138
8418,137
8418,135
8418,134
8418,132
8418,130
8418,129
8418,127
4294967294,2723
4294967279,364
4294967279,406
4294967279,192
8414,1
4294967279,215
4294967294,2722
8411,136
8411,134
8411,133
8411,131
8411,130
8411,128
4294967294,3046
4294967279,363
8410,144
8410,143
8410,141
8410,140
8410,138
8410,137
8410,135
8410,133
8410,132
8410,130
8410,129
8410,127
4294967279,404
8409,148
8409,146
8409,145
8409,143
8409,141
8409,140
8409,138
8409,137
8409,135
8409,134
8409,132
8409,130
8409,129
8409,127
4294967279,318
8408,148
8408,146
8408,145
8408,143
8408,141
8408,140
8408,138
8408,137
8408,135
8408,134
8408,132
8408,130
8408,129
8408,127
4294967294,2721
4294967279,429
8407,182
8407,180
8407,179
8407,177
8407,175
8407,174
8407,172
8407,171
8407,169
8407,167
8407,166
8407,164
8407,163
8407,161
8407,159
8407,158
8407,156
8407,155
8407,153
8407,152
8407,150
8407,148
8407,147
8407,145
8407,144
8407,142
8407,140
8407,139
8407,137
8407,136
8407,134
8407,133
8407,131
8407,129
8407,128
4294967279,214
8406,186
8406,185
8406,183
8406,182
8406,180
8406,179
8406,177
8406,175
8406,174
8406,172
8406,171
8406,169
8406,167
8406,166
8406,164
8406,163
8406,161
8406,159
8406,158
8406,156
8406,155
8406,153
8406,152
8406,150
8406,148
8406,147
8406,145
8406,144
8406,142
8406,140
8406,139
8406,137
8406,136
8406,134
8406,133
8406,131
8406,129
8406,128
4294967279,428
8405,185
8405,183
8405,182
8405,180
8405,179
8405,177
8405,175
8405,174
8405,172
8405,171
8405,169
8405,167
8405,166
8405,164
8405,163
8405,161
8405,159
8405,158
8405,156
8405,155
8405,153
8405,152
8405,150
8405,148
8405,147
8405,145
8405,144
8405,142
8405,140
8405,139
8405,137
8405,136
8405,134
8405,133
8405,131
8405,129
8405,128
4294967279,226
4294967279,362
4294967294,2720
4294967294,3045
4294967279,401
4294967279,317
4294967279,213
4294967294,1943
4294967294,2719
4294967279,225
4294967279,400
4294967294,2432
4294967279,316
8394,1
8394,5
4294967279,144
4294967279,212
4294967294,2718
4294967279,423
4294967279,246
4294967279,358
4294967279,397
4294967294,2717
4294967279,315
4294967279,422
4294967294,3043
4294967279,211
4294967279,143
4294967294,1941
4294967279,243
4294967279,139
4294967294,2716
4294967279,395
4294967279,313
8379,107
4294967279,141
4294967294,1940
4294967279,209
4294967294,2715
4294967294,3038
4294967279,136
4294967279,241
8376,1
4294967279,356
4294967279,393
4294967279,311
8373,128
8373,127
4294967294,2714
4294967279,135
8372,130
8372,128
8372,127
4294967294,3039
4294967279,208
8371,128
8371,127
4294967279,133
8370,133
8370,132
8370,130
8370,128
8370,127
4294967279,239
8369,133
8369,132
8369,130
8369,128
8369,127
4294967279,355
8368,133
8368,132
8368,130
8368,128
8368,127
4294967294,2445
4294967294,2713
4294967279,157
8367,165
8367,163
8367,162
8367,160
8367,158
8367,157
8367,155
8367,154
8367,152
8367,151
8367,149
8367,147
8367,146
8367,144
8367,143
8367,141
8367,139
8367,138
8367,136
8367,135
8367,133
8367,132
8367,130
8367,128
8367,127
4294967294,50
4294967279,309
8366,179
8366,178
8366,176
8366,174
8366,173
8366,171
8366,170
8366,168
8366,166
8366,165
8366,163
8366,162
8366,160
8366,158
8366,157
8366,155
8366,154
8366,152
8366,151
8366,149
8366,147
8366,146
8366,144
8366,143
8366,141
8366,139
8366,138
8366,136
8366,135
8366,133
8366,132
8366,130
8366,128
8366,127
4294967279,446
8365,186
8365,184
8365,183
8365,181
8365,180
8365,178
8365,177
8365,175
8365,173
8365,172
8365,170
8365,169
8365,167
8365,165
8365,164
8365,162
8365,161
8365,159
8365,157
8365,156
8365,154
8365,153
8365,151
8365,150
8365,148
8365,146
8365,145
8365,143
8365,142
8365,140
8365,138
8365,137
8365,135
8365,134
8365,132
8365,131
8365,129
8365,127
4294967279,207
4294967279,445
4294967294,2300
4294967294,2712
4294967279,238
4294967279,353
4294967279,387
4294967279,307
4294967279,150
4294967294,2711
4294967279,205
4294967279,444
4294967294,1018
4294967279,236
4294967294,1939
4294967279,305
4294967294,3033
4294967279,383
4294967279,382
8352,4
4294967294,2710
4294967279,443
4294967279,204
8349,130
8349,129
8349,127
8348,130
8348,128
8348,127
4294967294,1937
4294967294,2709
8347,130
8347,129
8347,127
8346,133
8346,132
8346,130
8346,128
8346,127
4294967294,3036
8345,136
8345,135
8345,133
8345,132
8345,130
8345,128
8345,127
4294967294,92
8344,132
8344,131
8344,129
8344,127
8343,137
8343,136
8343,134
8343,132
8343,131
8343,129
8343,128
4294967294,3034
8342,136
8342,134
8342,133
8342,131
8342,130
8342,128
8342,127
4294967294,2708
8341,138
8341,136
8341,135
8341,133
8341,132
8341,130
8341,128
8341,127
8341,1
8339,4
8339,139
8339,138
8339,136
8339,135
8339,133
8339,131
8339,130
8339,128
8339,127
8339,1
4294967294,2301
4294967294,1936
8337,143
8337,142
8337,140
8337,138
8337,137
8337,135
8337,134
8337,132
8337,131
8337,129
8337,127
4294967278,168
8336,144
8336,142
8336,141
8336,139
8336,137
8336,136
8336,134
8336,133
8336,131
8336,130
8877,1
8877,4
8336,128
8336,118
4294967278,371
4294967294,2707
8876,27
4294967294,3027
4294967278,163
8335,138
8335,137
8335,135
8335,134
8335,132
8335,131
8335,129
8876,4
8335,127
4294967294,2260
4294967294,1726
4294967294,1660
8875,1
8875,5
8334,140
8334,138
8334,137
8334,135
8334,133
8334,132
8334,130
8334,129
8334,127
8333,146
8333,145
8333,143
8333,141
8333,140
8333,138
8333,137
8333,135
8333,134
8333,132
8333,130
8333,129
8333,127
4294967294,1597
4294967294,2249
4294967294,1980
8333,1
4294967294,973
4294967278,381
4294967294,2706
8332,146
8332,145
8332,143
8332,142
8332,140
8332,138
8332,137
8332,135
8332,134
8332,132
8332,130
8332,129
8332,127
4294967294,1659
4294967294,2259
4294967294,2297
4294967294,1583
4294967278,534
4294967278,228
8331,143
8331,141
8331,139
8331,138
8331,136
8331,135
8331,133
8331,132
8331,130
8331,128
8331,127
4294967278,569
8870,4
8870,1
4294967278,347
8330,143
8330,141
8330,139
8330,138
8330,136
8330,135
8330,133
8330,132
8330,130
8330,128
8330,127
4294967294,1719
8329,147
8329,145
8329,144
8329,142
8329,140
8329,139
8329,137
8329,136
8329,134
8329,132
8329,131
8329,129
8329,128
4294967294,1979
4294967294,2258
4294967278,378
4294967278,532
8328,154
8328,153
8328,151
8328,150
8328,148
8328,146
8328,145
8328,143
8328,142
8328,140
8328,138
8328,137
8328,135
8328,134
8328,132
8328,131
8328,129
8328,127
8328,1
8328,5
4294967294,1658
4294967278,226
4294967278,567
8327,150
8327,149
8327,147
8327,145
8327,144
8327,142
8327,141
8327,139
8327,137
8327,136
8327,134
8327,133
8327,131
8327,130
8327,128
4294967278,346
4294967294,2705
4294967294,3032
4294967278,376
8326,4
8326,168
8326,167
8326,165
8326,163
8326,162
8326,160
8326,159
8326,157
8326,156
8326,154
8326,152
8326,151
8326,149
8326,148
8326,146
8326,144
8326,143
8326,141
8326,140
8326,138
8326,137
8326,135
8326,133
8326,132
8326,130
8326,129
8326,127
8326,1
4294967278,248
4294967278,375
8325,168
8325,166
8325,164
8325,163
8325,161
8325,160
8325,158
8325,156
8325,155
8325,153
8325,152
8325,150
8325,149
8325,147
8325,145
8325,144
8325,142
8325,141
8325,139
8325,137
8325,136
8325,134
8325,133
8325,131
8325,130
8325,128
4294967278,531
8864,96
8325,64
8864,91
8325,35
8864,88
8325,33
8864,86
8325,29
8864,78
4294967294,1935
4294967278,225
8324,167
8324,165
8324,164
8324,162
8324,161
8324,159
8324,157
8324,156
8324,154
8324,153
8324,151
8324,150
8324,148
8324,146
8324,145
8324,143
8324,142
8324,140
8324,138
8324,137
8324,135
8324,134
8324,132
8324,130
8324,129
8324,127
4294967278,564
4294967278,345
8323,172
8323,170
8323,168
8323,167
8323,165
8323,164
8323,162
8323,161
8323,159
8323,157
8323,156
8323,154
8323,153
8323,151
8323,149
8323,148
8323,146
8323,145
8323,143
8323,142
8323,140
8323,138
8323,137
8323,135
8323,134
8323,132
8323,130
8323,129
8323,127
4294967278,373
4294967294,2704
4294967278,246
8322,171
8322,170
8322,168
8322,166
8322,165
8322,163
8322,162
8322,160
8322,158
8322,157
8322,155
8322,154
8322,152
8322,151
8322,149
8322,147
8322,146
8322,144
8322,143
8322,141
8322,139
8322,138
8322,136
8322,135
8322,133
8322,131
8322,130
8322,128
8322,127
4294967294,1657
4294967294,1724
4294967278,154
8321,4
8321,172
8321,170
8321,169
8321,167
8321,166
8321,164
8321,163
8321,161
8321,159
8321,158
8321,156
8321,155
8321,153
8321,151
8321,150
8321,148
8321,147
8321,145
8321,144
8321,142
8321,140
8321,139
8321,137
8321,136
8321,134
8321,132
8321,131
8321,129
8321,128
8321,1
4294967278,573
8320,172
8320,170
8320,169
8320,167
8320,165
8320,164
8320,162
8320,161
8320,159
8320,158
8320,156
8320,154
8320,153
8320,151
8320,150
8320,148
8320,146
8320,145
8320,143
8320,142
8320,140
8320,139
8320,137
8320,135
8320,134
8320,132
8320,131
8320,129
8320,127
8859,99
8320,6
8859,92
8320,5
8859,86
8320,4
9276,1
9276,5
4294967294,1978
4294967294,1723
8858,4
4294967294,2071
8858,1
4294967294,2274
4294967294,2409
4294967278,527
4294967294,2316
8319,180
8319,178
8319,177
8319,175
8319,174
8319,172
8319,170
8319,169
8319,167
8319,166
8319,164
8319,101
8319,100
9275,82
8319,98
9275,78
8319,94
9275,64
8319,87
8319,86
9275,26
8319,84
8319,83
9275,21
8319,81
8319,80
8319,79
9275,11
8319,77
9275,7
9275,1
8319,73
9275,4
4294967294,3031
8318,169
8318,168
8318,166
8318,164
8318,163
8318,161
8318,160
8318,158
8318,157
8318,155
8318,153
8318,152
8318,150
8318,149
8318,147
8318,145
8318,144
8318,142
8318,141
8318,139
8318,138
8318,136
8318,134
8318,133
8318,131
8318,130
8318,128
9274,64
8318,116
9274,31
8318,113
9274,29
8318,112
9274,27
8318,110
9274,25
8318,106
9274,20
8318,105
8318,104
8318,103
8318,102
8318,100
9274,4
8318,1
4294967294,1656
4294967294,2276
4294967294,2763
4294967294,2275
4294967294,2273
4294967294,978
4294967294,2703
8317,185
8317,183
8317,182
8317,180
8317,179
8317,177
8317,175
8317,174
8317,172
8317,171
8317,169
8317,168
8317,166
8317,164
8317,163
8317,161
8317,160
8317,158
8317,156
8317,155
8317,153
8317,152
8317,150
8317,148
8317,147
8317,145
8317,144
8317,142
8317,141
8317,139
8317,137
8317,136
8317,134
8317,133
8317,131
8317,129
8317,128
9272,13
8855,89
9272,10
8855,88
9272,8
9272,1
8855,82
8855,1
8855,5
4294967294,2433
4294967294,2315
4294967294,2411
4294967278,522
8853,100
9270,15
8853,98
8853,94
9270,5
8853,85
8853,1
4294967294,1655
9269,114
9269,4
9269,1
9268,1
9268,5
9267,1
9267,5
8849,1
8849,5
4294967294,2702
8848,4
4294967294,2314
8847,4
8847,1
8309,116
8309,4
8309,1
4294967294,1654
4294967294,2762
4294967294,3029
8308,119
8308,118
9264,26
8308,114
8308,113
8308,111
8308,108
9264,6
8308,106
9263,93
8845,93
9263,78
9263,77
8845,80
9263,74
8845,77
9263,67
9263,66
8845,68
9263,64
8845,66
9263,35
8845,65
9263,29
9263,24
9263,23
8845,11
9263,21
8845,6
9263,17
8845,5
9263,16
8845,4
9263,13
8307,120
9263,11
8307,118
9263,5
8307,103
4294967294,1721
4294967294,1933
4294967278,235
8306,117
8306,20
9262,125
8306,11
9262,119
8306,6
8306,1
9262,114
8306,4
8843,4
4294967294,2701
8843,1
8305,131
8305,129
8305,128
4294967294,2313
8305,1
9261,117
8305,4
9261,1
4294967294,1653
8304,135
8304,133
8304,132
8304,130
8304,128
8304,127
8304,5
4294967294,1977
8303,139
8303,138
8303,136
8303,135
8303,133
8303,132
8303,130
8303,128
8303,127
9259,128
8840,1
8840,5
8302,140
8302,139
8302,137
8302,136
8302,134
8302,132
8302,131
8302,129
8302,1
9258,4
9258,1
8839,104
4294967294,2700
8838,4
4294967294,2405
8300,4
8300,1
4294967294,2312
9256,118
9256,117
8837,33
9256,116
8837,27
9256,114
8837,23
9256,113
8837,21
9256,112
9256,111
9256,109
8837,7
8837,6
8837,1
9256,102
8837,4
9256,96
8299,146
8299,145
8299,143
8299,141
8299,140
8299,138
8299,137
8299,135
8299,133
8299,132
8299,130
8299,129
8299,127
4294967294,1652
8836,101
8836,4
8299,64
8836,96
8836,94
8299,27
8836,91
8299,25
8836,88
8299,22
8299,21
8836,81
8299,14
8836,78
8299,1
8299,4
8836,64
8836,1
9255,128
8298,149
8298,148
8298,146
8298,145
8298,144
8298,142
8298,141
8298,139
8298,137
8298,136
8298,134
8298,133
8298,131
8298,130
8298,128
8298,127
8835,36
8835,33
8298,124
8835,25
8298,122
8835,20
8298,120
8298,116
8835,5
8298,115
8298,1
9254,130
9254,129
9254,127
4294967294,1651
4294967294,1716
4294967294,2699
8297,153
8297,151
8297,150
8297,148
8297,147
8297,145
8297,143
8297,142
8297,140
8297,139
8297,137
8297,135
8297,134
8297,132
8297,131
8297,129
8834,64
8297,128
8297,126
8834,35
8297,124
8834,31
8834,30
8297,118
8834,25
8297,115
8834,21
8297,102
8834,6
8834,1
8297,92
8834,4
9253,131
9253,130
9253,128
8297,25
9253,126
9253,125
9253,122
8297,11
9253,120
8297,6
9253,112
8297,5
9253,111
8297,4
8833,128
8296,153
8296,152
8296,150
8296,149
8296,147
8296,146
8296,144
8296,142
8296,141
8296,139
8296,138
8296,136
8296,134
8296,133
8296,131
8296,130
8833,1
8296,128
8296,127
4294967294,2761
4294967294,2271
9252,128
4294967294,1527
4294967294,1931
4294967278,329
8295,153
8295,151
8295,150
8295,148
8295,147
8295,145
8295,143
8295,142
8295,140
8295,139
8295,137
8295,136
8295,134
8295,132
8295,131
8295,129
8832,64
8295,128
8295,125
8832,26
8295,122
8832,21
8295,113
8295,110
8832,1
8832,5
4294967294,2311
9251,127
4294967294,90
4294967294,972
9250,134
9250,132
